518.730 622.120
512.975 627.677
503.272 630.096
502.398 629.612
509.711 622.792
524.483 625.396
513.988 631.214
510.642 634.930
504.541 621.227
501.316 612.824
501.766 614.773
498.231 631.402
508.300 618.967
494.865 605.532
488.685 586.511
485.906 589.389
495.855 582.678
491.192 586.454
495.760 588.488
505.111 597.518
516.193 611.703
498.368 609.197
500.089 620.062
513.842 630.054
510.566 632.349
519.955 650.008
513.267 656.030
500.160 646.853
502.033 642.217
500.284 641.247
491.059 635.256
504.952 649.643
509.520 651.677
524.821 646.999
540.795 652.813
538.866 646.084
533.922 630.867
523.691 617.290
524.927 621.095
522.410 624.203
504.508 622.322
512.149 632.839
501.583 623.654
494.694 634.679
502.869 627.318
486.930 625.924
478.231 635.585
467.441 625.165
477.567 629.463
470.758 611.725
475.682 612.593
469.581 598.890
460.813 616.866
441.008 614.082
441.580 617.027
439.702 613.495
447.625 612.382
455.266 604.469
449.498 602.815
468.724 608.328
473.538 614.717
478.197 626.854
479.292 619.940
471.530 621.875
478.593 618.120
480.501 627.936
465.072 637.207
464.828 635.221
467.034 642.912
461.998 647.774
463.362 646.311
465.242 645.627
470.765 647.972
473.668 636.328
466.236 629.637
466.236 611.637
469.147 625.331
486.754 629.073
485.694 627.377
482.698 627.220
472.397 644.364
488.157 632.050
500.771 628.905
513.729 615.010
495.294 619.606
493.260 624.174
503.757 612.099
504.859 608.254
502.200 625.044
513.200 625.044
523.524 610.300
511.570 609.254
508.135 626.923
509.094 615.965
510.790 614.905
524.225 601.470
522.680 598.898
523.029 594.914
534.905 600.201
531.092 594.331
513.191 592.449
505.501 590.244
493.426 579.747
501.710 576.230
500.881 575.671
493.867 561.291
496.540 562.652
504.732 568.388
489.515 573.333
506.534 579.193
511.425 578.153
523.019 590.586
510.352 587.662
512.544 583.168
521.729 572.602
524.453 577.948
519.623 576.654
536.584 587.252
535.802 582.314
535.715 581.318
538.374 564.527
545.922 569.429
542.770 571.891
542.770 585.891
557.733 584.845
555.225 591.380
555.641 589.424
555.292 579.430
537.905 574.771
538.844 568.845
542.231 582.429
549.595 579.303
545.449 576.507
541.624 575.338
547.805 585.624
536.842 590.505
527.039 575.409
532.601 558.290
526.563 553.041
514.691 545.622
529.819 540.413
512.742 532.084
521.518 540.268
525.632 545.931
526.900 543.212
521.262 541.160
512.445 529.025
521.797 538.055
523.917 541.448
526.764 535.053
525.166 536.256
531.035 537.504
541.963 524.481
542.067 521.483
546.561 519.291
534.709 517.414
540.614 524.206
535.643 507.949
539.583 507.255
543.553 506.767
535.150 503.542
533.743 494.653
544.449 482.762
525.428 488.943
519.033 486.095
515.881 488.558
528.194 504.318
520.702 485.775
532.755 490.644
549.529 501.537
566.319 504.197
568.196 492.344
567.917 488.354
573.208 481.073
561.729 474.970
554.872 470.850
544.823 475.324
542.006 480.621
552.291 492.878
533.938 497.796
533.295 497.030
533.644 507.023
530.971 505.661
525.298 503.708
520.824 513.757
538.363 509.708
543.660 506.891
531.703 521.657
529.993 526.355
543.982 537.683
534.577 524.739
537.082 542.564
535.742 531.646
551.586 529.419
543.808 537.197
533.967 548.518
532.864 544.673
521.082 550.167
530.593 553.257
538.822 541.931
528.124 528.719
531.202 532.659
516.436 520.702
522.902 511.803
527.990 514.982
528.460 515.865
521.987 520.568
524.266 513.949
531.076 500.584
539.708 508.920
533.369 522.514
535.308 519.016
538.907 534.606
543.901 544.407
548.863 527.104
537.923 528.254
543.908 527.836
530.926 527.155
514.936 526.597
519.808 525.472
529.421 528.228
525.480 525.150
529.305 541.714
534.060 543.259
532.701 556.188
538.552 550.732
535.795 541.120
535.236 541.949
537.229 541.774
529.737 523.231
534.431 532.060
533.649 527.122
524.650 537.846
531.914 552.102
532.633 551.408
542.262 564.186
534.572 566.391
519.806 554.434
523.607 542.002
507.038 549.035
519.018 540.008
527.187 527.428
525.929 528.982
536.647 531.457
537.191 532.295
547.461 528.353
552.748 540.229
543.344 527.285
554.672 513.296
548.730 514.132
556.554 503.749
554.578 504.062
569.250 507.181
582.462 517.879
592.565 526.060
593.625 527.757
603.245 522.424
606.871 541.075
605.318 535.279
616.888 549.068
626.639 535.142
624.579 538.571
630.285 536.717
634.377 532.329
632.739 531.181
637.882 528.091
643.257 542.095
651.438 552.198
651.995 548.237
652.994 548.184
657.206 542.594
648.022 532.028
659.831 545.613
647.069 543.132
652.743 545.086
649.082 553.308
653.081 553.238
664.055 554.005
658.532 551.661
654.299 563.952
654.474 553.954
659.132 566.091
658.212 565.700
650.931 560.410
650.931 547.410
638.796 556.227
651.009 541.672
650.799 538.679
663.657 546.405
668.325 548.196
657.607 550.671
656.778 550.112
660.313 553.647
661.287 553.872
663.020 552.872
668.575 571.042
674.919 574.000
659.639 581.453
664.835 578.453
668.399 580.269
667.004 600.220
671.290 602.795
675.663 600.371
660.939 597.509
652.648 591.917
662.847 587.796
666.590 605.403
670.535 597.314
659.332 593.013
662.332 598.209
662.934 599.008
665.583 597.600
678.017 587.531
677.721 604.528
676.780 613.479
664.726 608.609
673.441 595.190
686.837 605.656
688.921 607.814
697.977 615.687
686.386 612.581
680.680 614.435
689.036 624.394
688.339 634.370
702.081 637.041
696.885 640.041
684.452 651.635
687.484 641.061
689.118 638.545
692.654 635.009
687.847 633.631
687.122 636.542
685.743 631.736
705.731 631.038
708.837 642.629
704.068 650.261
693.502 641.077
673.696 643.860
668.882 650.249
649.986 652.235
665.636 648.909
672.847 636.908
676.288 641.823
674.757 630.930
671.938 631.956
673.566 627.229
669.627 627.923
667.954 643.836
677.290 640.252
674.035 630.797
687.619 642.606
687.445 640.613
690.442 648.031
685.540 640.483
694.869 634.654
699.786 616.301
702.016 614.294
709.288 601.174
725.916 597.640
716.966 596.699
719.747 588.140
725.784 593.388
729.527 610.995
737.476 623.716
746.486 630.025
735.891 635.659
728.701 632.152
726.004 630.836
719.967 636.085
729.869 637.477
724.175 624.687
715.933 639.556
729.170 644.113
712.884 653.899
706.733 663.019
702.565 667.335
705.189 664.316
690.562 650.676
686.601 650.119
681.120 652.560
677.344 657.222
660.923 652.823
656.923 645.894
676.911 645.196
669.058 646.723
663.244 662.698
659.148 659.830
660.020 669.792
660.020 665.792
651.779 679.506
659.387 677.034
661.458 669.307
663.096 668.160
654.874 671.820
645.649 677.811
638.380 667.034
637.382 667.104
628.355 655.124
628.110 669.122
614.516 675.461
615.734 665.536
622.730 665.291
632.716 665.815
640.900 657.039
632.870 645.570
620.313 642.206
632.122 655.791
634.316 637.925
627.388 633.925
627.493 631.927
630.800 643.463
614.514 633.677
606.685 622.070
619.630 612.666
620.866 616.470
624.253 602.886
630.409 585.971
645.372 584.925
639.372 581.320
635.663 579.821
645.625 578.950
642.926 590.642
639.926 590.695
638.591 597.566
644.777 615.531
630.032 605.206
636.032 605.206
631.058 608.562
636.861 604.647
652.604 613.374
638.696 607.755
643.544 616.501
641.318 600.657
635.014 605.582
634.035 605.374
621.178 597.648
609.224 596.603
609.922 576.615
595.541 583.629
611.709 578.375
618.931 568.792
620.977 566.598
614.054 575.146
616.731 572.174
619.669 576.219
617.400 571.764
608.942 574.842
611.901 568.498
609.932 570.762
602.207 557.904
599.117 563.047
585.289 560.857
588.173 560.030
577.026 570.067
574.490 575.505
572.690 583.300
564.071 572.268
563.081 572.407
546.339 575.359
544.622 566.525
547.062 572.006
534.479 578.143
524.866 580.899
525.390 590.886
534.389 601.610
534.877 615.602
533.565 617.111
533.984 605.119
537.003 607.743
537.878 607.258
521.710 612.511
510.932 619.781
512.051 618.123
511.635 616.166
516.667 608.705
518.388 619.570
529.514 624.065
519.190 609.320
519.609 601.331
525.646 596.083
535.075 590.417
548.313 594.975
547.223 593.298
554.647 575.808
563.906 590.066
573.083 603.172
582.114 593.821
591.839 583.750
596.969 569.655
587.699 585.084
586.785 584.677
579.786 584.555
580.301 583.698
586.481 602.719
584.610 593.915
585.261 592.024
577.070 597.760
560.163 599.537
552.118 607.039
570.912 600.199
